# Single SKU Max Power Table | | | | | | | | | | | | | | | | | | | | | | | | | | | | | | | | | | | | | | | | | | | | | | | | | | | | | |
# 2.4G Channel |CCK | | | |OFDM | | | | | | | |VHT20 | | | | | | | | | |VHT40 | | | | | | | | | |Txstream_Delta | | | | | | | | | | | | | | | | | | | | |
Band: 2.4G |CCK_1M |CCK_2M |CCK_5.5M |CCK_11M |OFDM_6M |OFDM_9M |OFDM_12M |OFDM_18M |OFDM_24M |OFDM_36M |OFDM_48M |OFDM_54M |VHT20_MCS0 |VHT20_MCS1 |VHT20_MCS2 |VHT20_MCS3 |VHT20_MCS4 |VHT20_MCS5 |VHT20_MCS6 |VHT20_MCS7 |VHT20_MCS8 |VHT20_MCS9 |VHT40_MCS0 |VHT40_MCS1 |VHT40_MCS2 |VHT40_MCS3 |VHT40_MCS4 |VHT40_MCS5 |VHT40_MCS6 |VHT40_MCS7 |VHT40_MCS8 |VHT40_MCS9 |Txstream_3T |Txstream_2T |Txstream_1T | | | | | | | | | | | | | | | | | | |
Ch1 |8 | |8 | |8 | |8 | |8 | |8 |8 |10 |8 | |8 | |8 | |20 |12 |18 |16 |8 | |8 | |8 | |9 |11 |12 |2 |1 |3 | | | | | | | | | | | | | | | | | | |
Ch2 |8 | |8 | |8 | |8 | |8 | |8 |8 |15 |8 | |8 | |8 | |19 |19 |10 |12 |8 | |8 | |8 | |9 |16 |12 |5 |4 |0 | | | | | | | | | | | | | | | | | | |
Ch3 |8 | |8 | |8 | |8 | |8 | |8 |8 |18 |8 | |8 | |8 | |17 |18 |16 |20 |8 | |8 | |8 | |12 |8 |20 |0 |2 |0 | | | | | | | | | | | | | | | | | | |
Ch4 |8 | |8 | |8 | |8 | |8 | |8 |8 |9 |8 | |8 | |8 | |14 |10 |14 |18 |8 | |8 | |8 | |14 |12 |10 |3 |4 |5 | | | | | | | | | | | | | | | | | | |
Ch5 |8 | |8 | |8 | |8 | |8 | |8 |8 |10 |8 | |8 | |8 | |10 |13 |11 |8 |8 | |8 | |8 | |12 |8 |9 |4 |5 |3 | | | | | | | | | | | | | | | | | | |
Ch6 |8 | |8 | |8 | |8 | |8 | |8 |8 |13 |8 | |8 | |8 | |11 |9 |12 |16 |8 | |8 | |8 | |9 |17 |11 |5 |2 |1 | | | | | | | | | | | | | | | | | | |
Ch7 |8 | |8 | |8 | |8 | |8 | |8 |8 |10 |8 | |8 | |8 | |14 |11 |13 |18 |8 | |8 | |8 | |16 |13 |10 |2 |5 |4 | | | | | | | | | | | | | | | | | | |
Ch8 |8 | |8 | |8 | |8 | |8 | |8 |8 |15 |8 | |8 | |8 | |14 |9 |11 |10 |8 | |8 | |8 | |11 |14 |8 |5 |5 |3 | | | | | | | | | | | | | | | | | | |
Ch9 |8 | |8 | |8 | |8 | |8 | |8 |8 |11 |8 | |8 | |8 | |12 |9 |15 |19 |8 | |8 | |8 | |14 |20 |12 |2 |5 |3 | | | | | | | | | | | | | | | | | | |
Ch10 |8 | |8 | |8 | |8 | |8 | |8 |8 |14 |8 | |8 | |8 | |17 |14 |17 |15 |8 | |8 | |8 | |9 |17 |8 |2 |4 |2 | | | | | | | | | | | | | | | | | | |
Ch11 |8 | |8 | |8 | |8 | |8 | |8 |8 |14 |8 | |8 | |8 | |20 |10 |20 |18 |8 | |8 | |8 | |12 |8 |20 |3 |1 |4 | | | | | | | | | | | | | | | | | | |
Ch12 |8 | |8 | |8 | |8 | |8 | |8 |8 |18 |8 | |8 | |8 | |20 |16 |17 |9 |8 | |8 | |8 | |11 |20 |9 |0 |0 |1 | | | | | | | | | | | | | | | | | | |
Ch13 |8 | |8 | |8 | |8 | |8 | |8 |8 |8 |8 | |8 | |8 | |11 |16 |19 |16 |8 | |8 | |8 | |15 |12 |12 |2 |0 |2 | | | | | | | | | | | | | | | | | | |
Ch14 |8 | |8 | |8 | |8 | |8 | |8 |8 |10 |8 | |8 | |8 | |15 |17 |16 |14 |8 | |8 | |8 | |12 |14 |20 |4 |1 |5 | | | | | | | | | | | | | | | | | | |
 | | | | | | | | | | | | | | | | | | | | | | | | | | | | | | | | | | | | | | | | | | | | | | | | | | | | | |